1773
544580
1747
1302
1314
1311
1304
1303
1624
1580
29394
29382
1280
1639
1884263
2124
2104
358
147645
1061
34073
520
85698
487
287
470
28090
573
562
158836
210
28133
1316593
157691
712624
1358
1351
1590
1598
1423
713030
33034
216816
486
485
539
80866
381
529
632
584
294
34062
199
157687
157688
712362
554406
285
548
615
714
727
1717
169292
1270
147802
1597
28129
28132
1583098
292
28141
47886
40214
729
1308
1282
1316596
68892
37734
712150
1313
505
589437
2121
2756
28035