"SRX3830154_oral"	"SRX4318863_oral"	"SRX024173_human_gut"	"SRX024148_human_gut"	"ERR584333_labcontam"	"SRX024023_human_gut"	"SRX3830174_oral"	"SRX024200_oral"	"SRX023994_human_gut"	"ERR584348_labcontam"	"SRX4318860_oral"	"ERR584320_labcontam"	"SRS727524_human_skin"	"SRS728264_human_skin"	"SRX740589_human_skin"	"SRX3830184_oral"	"SRX740562_human_skin"	"SRX025192_oral"	"SRX3830126_oral"	"SRX740632_human_skin"	"SRX025193_oral"	"SRX101411_oral"	"SRX3830225_oral"	"SRX4318858_oral"	"ERR584341_labcontam"	"SRR5823608_soil"	"SRR5823606_soil"	"SRR5823609_soil"	"SRR5823611_soil"	"Unknown"
"RDC_4_H31_NA"	2.33462431846327e-06	0.00399639617878678	8.9533628382781e-46	0	1.61177667787123e-05	0	0.351647344081955	9.71786931106086e-05	6.11225063908745e-29	6.30289512510123e-14	2.380812617654e-11	1.1850434051403e-17	9.14535246820611e-30	0.037037037037037	5.46726644345566e-13	0.17481652334207	5.3377556120102e-15	1.4488085105385e-07	5.75087151785756e-15	0.000626067852059871	1.24061550464376e-07	0.256586763000117	0.00323263211077751	1.14538832587189e-09	0.000757858935701923	0.0528274539157135	0.0174929723894184	0.0267889758858613	1.22200939538938e-16	0.0740740740740741
"RDC_2_H8_NA"	0.0739632674438841	5.72518497566123e-38	0.00763169812036345	0.0613570602883621	9.18889864085191e-33	7.46004212621859e-11	0.0959594685441601	1.08088105249916e-14	3.09000346492608e-38	0	0.0591973037757966	0	6.08163193466946e-06	3.21890936747113e-46	4.35662893111844e-56	5.4611603922546e-24	7.97764561455279e-21	0.136836574351762	0.224815895448947	0.117456529434081	5.74465741074828e-15	1.47784804552501e-24	0.0900080415440112	5.30565379489845e-30	0	5.17670240635379e-29	1.24948309210961e-54	6.74750968713508e-24	0.0586940052680064	0.0740740740740741
"RDC_6_H68_NA"	2.14258686618691e-06	7.91903849455023e-26	3.17835729119402e-37	0	0.132774058889804	0	0.0639535458009318	0.0940175610990836	0	4.7662196739304e-05	7.29027195125e-18	2.98359913799835e-06	1.0515967122345e-07	1.51824703944725e-23	0.0737102095274361	4.68178617238259e-10	0.0544497277122258	0.0200756182518157	8.50266062090867e-14	0.0414624942433087	0.00241058992824684	0.000477363490659227	0.200040256767033	1.95841788579842e-22	4.24164939102694e-20	0.0353177063247978	0.127323389094723	6.6224508217234e-18	8.84310131024638e-05	0.153846153846154
"RDC_2_H6_NA"	4.62243457099156e-06	0.000871264019016632	3.25393363176861e-24	0	0	9.2000369296205e-27	1.25769214140043e-40	0.0226776799939353	7.87226277174866e-25	1.80145992649298e-08	3.31453880417407e-17	2.11135883992615e-15	4.90254435057459e-08	9.51656690436804e-20	0.0614081078578447	6.4673631490792e-06	1.26336933256574e-24	0.33254487588075	0	4.63988470974973e-07	3.58343157385684e-05	0.170362002013354	1.16845582660059e-08	0.0342157245780501	2.73117576723685e-28	3.31371353506703e-11	0.189446131443486	0.00294218161557754	0.0373364175901676	0.148148148148148
"RDC_2_H11_NA"	5.69910023765586e-07	0.0909304990362835	0.000635617938216043	0.0171148190935619	6.5276433186336e-14	9.87104803157191e-09	8.48560835620778e-06	0.00417398575184344	4.878151626616e-10	1.95178340646543e-10	0.000434490072674217	2.24410772083129e-07	0	2.27083834325218e-23	4.72460722227367e-09	8.96206052072491e-08	0	0.265596068402704	1.66252630196261e-18	0.075348828252103	0.338930381560981	0.0125365214084927	0.0481887378584769	0.00375684473920783	0.00449886531015315	5.94259545392419e-06	0.102588174542489	0.0342898205442935	0.00096101806459403	0
"RDC_5_H57_NA"	1.39091939611618e-06	2.58572092958672e-17	1.40167701985302e-21	1.01203444774727e-20	1.71375813004925e-08	3.38174849110974e-08	0.122543049787689	4.80124498002383e-22	4.42659454876002e-21	7.22622288195157e-19	1.38314049069501e-07	7.55242545912293e-13	1.11094558070885e-15	1.08602449239138e-44	2.97475301907196e-13	5.93566178337889e-09	1.32369116568431e-07	2.75162602295133e-13	0.0771864410214859	2.94775296365599e-14	1.02348824521145e-08	0.0480890440466123	0.12735612595592	1.32662048249223e-19	4.2764829514708e-29	0.241574109077925	3.70019527760716e-06	0.156812030939507	0.0782856220979037	0.148148148148148
"RDC_2_H3_NA"	2.01306620288535e-06	0.082307356898893	4.07074724234509e-34	2.37047134113609e-17	0.00946750497697208	5.26502210397935e-12	1.2506748919955e-07	1.76096783542193e-08	0.0384615384581072	0.0877515481880935	3.65062533245736e-44	4.08163955907642e-06	5.9374080033135e-05	1.06113238910523e-35	0.0624831662193044	2.34897706105377e-07	8.16942346977106e-09	1.1076101551478e-09	0.00157208658631323	0.00125526438431696	1.24858228491127e-06	0.183108449216174	0.0300094414221166	2.57463745334412e-29	0.062272735568879	0.218479861750916	0.0689031398363951	1.46484221123332e-05	2.72331942770795e-17	0.153846153846154
"RDC_5_H48_NA"	0.223649494084359	1.15953137520101e-101	1.69411541947366e-59	1.11656110025564e-121	6.54931741204248e-247	9.69190219820042e-223	5.38406919604596e-47	0.0234357012606175	1.9812110980071e-163	1.51934871509958e-59	4.04909567616635e-153	5.31922044763117e-223	4.32686207465257e-137	4.80994484571132e-162	4.60174447835631e-35	0.220410318882762	1.14795207928292e-123	0.292608444423561	1.71371471378349e-107	2.68513346464022e-26	2.54899778530601e-32	5.4122372102246e-14	2.72502334748915e-06	9.01018589341049e-100	0.04	0.0659112172925682	0	0.0939820990327296	2.18197442749225e-36	0.04
"RDC_6_H71_NA"	7.93875271162666e-06	0.0578305981010922	0	0	0	1.49535804874181e-115	0.0273821849513026	1.19717361470467e-21	0	4.54662020268737e-31	7.28658550344161e-58	0	1.25892199314718e-16	0	7.43730021843471e-84	7.35175786429118e-44	0.0598254785856627	0.0990619103764713	0.358635414787862	3.35381981614606e-32	0.143560438417279	6.18735712966807e-19	3.62719275122626e-11	3.37859151132622e-17	4.76592802106206e-06	0.179616030510592	3.9338854067243e-19	1.16547865973213e-06	3.23365789985364e-22	0.0740740740740741
"RDC_5_H43_NA"	0.0583443084034909	0	0	3.73413497200911e-228	0.0472640041355601	0.08	0.164690317675316	0.0497489649821228	0	0	0.173955322303398	6.12071913048599e-252	4.65059529722696e-146	0	1.86800149694698e-226	0.182795094980352	1.62013711686372e-164	4.17583170769264e-17	0	2.52712718921008e-289	9.50831907926034e-69	0.00154259852884408	2.20701305537363e-55	1.14472423290221e-227	0	0	0.121578306433662	8.84492033531104e-40	8.10825572538633e-05	0.12
"RDC_3_H15_NA"	5.05602572203986e-07	0.0624887718574678	7.05194873897466e-05	6.7600279996377e-07	0.000108811907441974	0	0.0160221632037183	6.57448371500816e-10	0	0.000903694697126008	2.53976301126147e-06	0.0610804356741924	0.0931261512683909	4.7703877717295e-07	2.56655912369147e-05	0.000298435830524743	4.17095919139885e-12	0.164001295087429	0.196445514298544	2.5753750335495e-06	0.0779229576505191	0.00470162765683907	3.09495854915362e-05	0.0912095043162517	8.71038981011707e-16	0.184727103134303	1.94030169453321e-07	6.8847823801596e-14	0.00979239324204424	0.037037037037037
"RDC_5_H46_NA"	5.65021835871842e-07	3.59805143675034e-08	1.18894379390972e-15	0	0.0563707748571204	0	0.133769356786715	6.5982729472911e-08	1.36793156845181e-09	0.192776734739335	0.000326570933709659	3.44125852352377e-05	1.12041309777646e-06	2.20876380935424e-12	0.34632925696804	9.63429177325556e-08	2.65297092266358e-10	2.1960618959881e-07	0.0508264070905257	0.0674228022513681	1.49154212175891e-09	3.85944640701622e-09	6.49384589522087e-05	1.7619388527935e-13	0.00709126295068312	0.000278880247309227	0.0791147258642259	4.11463591415353e-06	0.0271261128354397	0.0384615384615385
"RDC_4_H30_NA"	0.0228764396356381	2.81642120866469e-07	0	0	0.034497231215033	0	8.26480547616722e-22	0.738203271622858	0.0347509096889714	9.52584750052873e-143	1.39751992983857e-29	2.97974996660129e-119	2.11335983607112e-162	1.56703406383431e-181	6.48621559851957e-96	6.03600991696415e-43	1.0949210792265e-121	1.70476611824912e-14	5.45859221462461e-89	3.38936641180486e-39	7.30523221807162e-31	0.000603706020156934	1.87147452552714e-43	2.06773483245089e-79	1.45590141920392e-96	2.35937466324411e-34	0.108793116399865	0.0602743209164016	7.22858937858593e-07	0
"RDC_4_H40_NA"	4.5252682634625e-07	3.12528153561334e-06	9.19076811091659e-07	0	0	0.048279601285312	0.0582491956585855	0.111644986787887	0.0502255716632014	5.40351102495136e-13	0.00047277165289705	1.18583061417361e-11	9.40857664575462e-06	5.71998771159351e-13	0.0613794900899398	0.000551715951481287	0.000318393771946382	0.169672255318667	0.217588188035824	0.00150766633809378	0.0396171332005544	0.00293495727400964	0.146493857267197	0.000171139332569302	0	4.86695984759926e-07	0.000288582543684495	1.3335312954623e-09	0.0535530632868082	0.037037037037037
"RDC_3_H23_NA"	5.37707221713123e-08	5.90870223958654e-05	0.000679529177741349	0	0	0	0.00491780242757584	0.0951537469973765	5.14009635646487e-06	1.04780199486289e-08	3.42211315180768e-06	0	0.000629528387652173	0	0.000130539663771335	0.0670309444237047	0	0.520643385915046	0.0357142857142857	0.141288557237251	0.00634938017270239	0.0296367882037969	0.00112050911503706	0.0252087176548413	0	0	0	0	0	0.0714285714285714
"RDC_3_H22_NA"	2.35852622287511e-05	2.34221654745857e-138	0	0	0.273724970412854	0	5.21306048935106e-31	5.80721318903399e-51	0	4.05265371007881e-27	3.88888435290362e-67	7.1604885311018e-45	4.48132501551606e-36	2.86562565007803e-89	1.70885207473133e-82	2.53430811386364e-29	0.0805370573175717	7.20993812338587e-47	6.22792553000004e-44	1.17354596828737e-13	4.90131158239128e-19	5.97509058454525e-43	0.0652436229371541	7.46294741086089e-60	1.12669157199707e-89	6.52677867581149e-34	2.47886155337133e-15	0.321211504810812	1.69400341038343e-28	0.259259259259259
"RDC_3_H14_NA"	9.17690183033299e-07	7.71819009347306e-11	0	0	0.000192441160274234	0	0.00142495321659525	1.73647934636882e-19	0	0.136346621577851	5.89298777118204e-15	5.22052589085029e-09	0.0152981597620411	0.0541090187653959	0.000872058404680434	2.90744368306975e-08	0.075101639006882	0.0403970094313968	2.66970823991191e-08	4.17973266938796e-11	3.03781569782387e-19	0.000131293835342911	1.56092804539946e-08	5.24705169676715e-13	2.87992764321628e-09	4.40438161606162e-08	0.148596806780271	4.41057940318717e-09	0.296759721544697	0.230769230769231
"RDC_5_H55_NA"	6.78794062904948e-07	0.000764248962541572	0	0	5.96875498669035e-09	0	6.0156941797975e-13	1.06200060859678e-07	0	4.00280171658906e-07	0.0524409367093281	0	3.87360347000145e-15	4.96928151964304e-21	0.0354167112291274	8.86666856974142e-05	7.19318126584179e-16	3.38373170251109e-05	0.336342779932285	0.0692095711781645	3.29613102769781e-06	0.00740608462360936	0.155963273861319	0.0542315646668621	1.45696704107667e-17	1.55508212210984e-10	0.114928613039601	4.23800559923613e-09	9.61968338613388e-09	0.173169210406558
"RDC_6_H62_NA"	6.27262983324787e-07	1.8231038323573e-11	3.29202103900904e-11	0	0.0619225283894171	6.13565447561191e-11	4.58265361174759e-06	0.129566170089483	0.038408762101913	0	4.4664628989136e-10	4.67403400879292e-13	8.91254247001064e-10	2.31541632944792e-10	8.16971766755264e-20	0.115709852652873	1.5921064333775e-05	8.05413037181833e-13	0.374258201255863	9.28968906785123e-13	5.9647423890614e-05	0.00827500506205763	0.0848554758020344	2.55861769529014e-09	2.01495422789319e-08	0.00135797252308388	1.15967887255904e-08	7.62609742108916e-14	0.00588253040951071	0.179682687319767
"RDC_5_H52_NA"	2.98891755604628e-07	0.066444629776381	2.00520246260202e-11	0	0.0614888339198604	0	0.119219288037865	0.038527005143834	0	0.0494993022384087	7.16183023729549e-05	1.58144725967715e-17	0.171512324561139	3.76667764930945e-06	0.00259928106283062	0.00479290975264556	1.15171639739193e-05	7.028553969564e-12	0.143263175947052	0.00268900816579018	1.1756744037126e-05	0.0116423664543197	0.0680861442537431	0.00160129877493561	0.0171169320745086	0.00491514276642135	0.142646031921051	2.84182211405182e-08	0.0521906722574577	0.0416666666666667
"RDC_4_H29_NA"	0.175476619025785	1.97099555422282e-221	1.6311528870552e-243	0	0.055056730812284	0	0.131733784955058	7.33675288908444e-27	0	1.20465240599187e-66	0.0877508179474204	0.0629698843966085	4.86242788663645e-57	0	0.0163195656191604	2.57905455749049e-96	0.0489594433215563	1.56649813627058e-34	2.27879428946152e-121	6.74397733375836e-95	6.41275759788733e-54	0.194897317340735	9.16897795464863e-38	9.56219582416446e-170	4.46093405352699e-196	0.0778521049440415	0.0378726205262394	1.25855678412929e-28	1.87031784225863e-21	0.111111111111111
"RDC_4_H33_NA"	0.000952693644226439	0	0	0	0	0	0.0872821342821995	5.8503635584692e-169	0	1.33500355987122e-173	4.74419341061896e-241	0	0.104088833197857	0	0	1.03718016339018e-37	0.0437337272183199	0.358386824575554	0	1.47116075023186e-203	7.0824257728935e-10	0	4.24887796321874e-117	0	0	0.0563899473725875	9.23044143986763e-147	0	0.126943616778791	0.222222222222222
"RDC_4_H32_NA"	4.84947236463979e-06	1.08522409206298e-16	1.69265359857032e-11	0	2.9844229720361e-08	0	0.0834314168083731	1.21928518938513e-08	0.0384287384093732	0.0921930400444262	9.78678196272168e-05	5.8190112257151e-65	1.24782625181098e-18	6.58033881422542e-81	4.3959327956639e-14	4.5630338398225e-11	3.19037091114927e-34	8.00667321453778e-18	0.224572492050944	6.0353387155881e-19	1.2363256978918e-16	0.270870722177516	9.2779334611662e-24	0.088284240655891	0.0539684406807004	7.48713976674194e-21	1.20192470537833e-09	1.12181617132464e-18	4.31028868164557e-10	0.148148148148148
"RDC_6_H65_NA"	0.217896668765859	4.68227238497279e-84	8.95729136083344e-62	0	1.60749885554655e-16	3.40269944728602e-35	9.71513455457959e-06	1.48495136349498e-10	0	0.132484813035148	3.69822917750261e-46	1.08011979604406e-43	3.73493059414648e-16	0.0416988451181972	7.65400473765126e-05	1.04270032576228e-17	8.85203756066215e-122	1.08010960156855e-11	0.0555907790859048	1.49164546206785e-21	9.38447265580546e-14	4.5717303782059e-22	0.271809363535024	2.31090492624345e-37	5.15322256620746e-34	0.0453699380341342	0.000334832610656815	0.119343889089104	3.43646272996975e-14	0.115384615384615
"RDC_2_H5_NA"	2.10450744233577e-07	2.51303617150981e-05	0	0	0.00017227038653803	2.12993110137983e-16	4.22919784663756e-11	0.165523588691902	0	0.00229358878962668	0.0453023652242328	9.56521103662722e-09	1.51515798309238e-06	1.52057199462636e-11	7.65441889288145e-10	0.000961837457865775	0.0534970602467669	0.0146847193253273	1.12665981549204e-05	0.00542541087889876	0.146747575526453	0.137723806113174	0.0578946018072334	0.0967416148265838	1.0937239582785e-15	0	8.29125114028169e-08	0.0477515242106808	0	0.225241820645456
"RDC_4_H41_NA"	0.245358934409126	1.09223740541391e-47	0.0399861776607844	0	0.141885827363209	9.71074875390613e-05	1.01517376889398e-23	3.61041830328769e-12	5.15469435259602e-05	8.62679504914189e-61	2.96995789472581e-75	4.84873754840808e-42	3.68672872361154e-20	1.72602665250056e-187	4.66324144254233e-79	8.84163796239529e-18	2.89155334545584e-184	0.114937062504153	1.74897569198819e-118	2.07580362101773e-16	2.00242843878384e-40	0.23370865528869	9.55728614850826e-35	1.45462556764569e-63	1.56135857534229e-33	0.031666988429462	7.41895703187257e-10	6.90300267750871e-61	6.86031162850054e-09	0.192307692307692
"RDC_5_H58_NA"	4.92267141673613e-06	2.38199680595317e-27	0.0677377962333846	6.04323601369012e-08	1.075540594262e-14	2.51878978280362e-13	0.127711763351599	0.0643995191154686	3.63164097987208e-16	0.0534194692124805	2.9377392793703e-24	1.67199753310722e-40	1.79905042317598e-16	0.0366099170382271	3.87679143544778e-15	1.55118950128706e-11	1.80115770065553e-25	1.1863847818723e-06	5.71302090546195e-17	0.0728114726504741	0.185888981642649	0.0864061137260414	8.97301692853223e-08	1.20594649686981e-31	8.69931726593157e-32	1.2185572482627e-09	4.18332098471002e-40	0.23358013514804	1.95879706433549e-55	0.0714285714285714
"RDC_4_H38_NA"	3.33948022972848e-08	8.11620618430468e-05	0.0639518738479259	0.000741410287365319	0.0122393177427407	0	0.0108371651216708	0.147542522463306	0.000766330172210428	0	0.000850189744600663	9.58439873306982e-05	0	1.58567075852127e-11	3.95734801214208e-09	0.128714131226508	9.48910892931629e-05	0.001098542043925	0.0714285714285714	0.00124941314463041	0.0337034501064263	0.00335930624052249	0.108615114467403	0.000122679158927789	8.76251501337911e-08	0.126979618144721	0.07000064572479	0.181647803755471	0.000165607332375017	0.0357142857142857
"RDC_4_H28_NA"	5.01884743801751e-07	5.51683619564369e-05	5.19545781429284e-16	0	7.70102502204011e-18	5.04747853748071e-16	6.37974438558448e-12	0.282378924377013	0.0366857428323139	0.0676233058415159	3.53196959728104e-09	8.05912291613078e-09	8.60508055137391e-16	0	9.14335827456723e-05	2.16457454566861e-06	9.92215590688651e-18	0.141579907151904	0.0386141588733846	0.257787549486039	0.0113131990146302	0.000740962745377749	1.27795559736044e-05	6.58433821428277e-05	0.0201912038658616	2.7384109817337e-12	0	1.24966371157152e-11	2.17035551959932e-18	0.142857142857143
"RDC_5_H44_NA"	1.45895126436854e-06	2.80938160233968e-09	9.67380468179195e-20	0	0.0590942932734636	0	0.134804237878603	0.00236501336989693	0	0.000863053744170416	2.12109994052196e-12	1.73265510728193e-10	1.04671874901234e-12	3.65975816049999e-14	3.5956523708112e-12	2.28043270352466e-07	0.0469569670186162	0.57477306788721	0.0516397819172994	9.50502228869517e-05	0.00035522259309742	0.0316487968159841	0.000168589831829826	2.77401376981855e-11	1.53828649929944e-23	0.0559745725665621	0.0412590656979429	4.51127202117157e-07	1.46043512993806e-07	0
"RDC_4_H26_NA"	0.11857125319656	0.161339126597559	0	0	0	2.21343551346108e-203	0.0241419948619746	1.3591743102379e-38	0	7.12618072964528e-42	8.18287701712923e-116	2.14271349597078e-93	4.32766440164638e-203	4.73173320768645e-69	0.000457032432302321	2.81735788750308e-06	9.42597185652869e-146	0.0169380211844057	0.206586264850397	0.305217672585307	6.47457119451147e-05	0.130966785507377	4.34186848950791e-47	2.06895671027722e-74	4.9704243934024e-148	1.42593829848172e-27	5.64459857444999e-30	9.69413923344411e-73	5.23306751257542e-21	0.0357142857142857
"RDC_5_H54_NA"	0.109189859296322	4.96290498855307e-27	3.49400835357496e-06	3.02876364429162e-06	0.0784728111852882	9.61527843929155e-18	0.0938094718169283	2.5850117087638e-07	0.0785128052233609	8.34706638718564e-31	8.12475897163812e-08	0.194178724139851	4.98677819730784e-22	7.81810982742848e-24	2.96669628500971e-26	1.11166127892904e-08	1.66454408076249e-10	3.32707175390529e-24	3.15643935467772e-29	0.0690566900093599	0.0703156846128838	2.40474595777711e-05	0.0670626149383687	8.13285530357715e-37	1.47246287231532e-43	0.113750607803621	4.4896497586553e-22	1.18005413527724e-06	0.0456186296564777	0.08
"RDC_6_H66_NA"	0.0434815293341638	1.78721363088819e-58	0	0	3.63285054469201e-13	0	0.0390043991745531	5.34585736659449e-11	0	5.23426722689451e-10	1.03107464997497e-40	1.58886564542812e-21	0.0560297666133028	1.77627622814336e-26	3.88420295376577e-08	1.37469710560717e-22	0	2.88014671383074e-31	5.01646289399606e-29	3.0581429033282e-17	0	0.012713042436879	9.41241166629371e-34	2.64734366027872e-20	2.28037811730388e-17	0.270516515982781	0.108012463143129	0.248737159858838	0.144582007113998	0.0769230769230769
"RDC_3_H13_NA"	6.35098487451526e-06	1.73056674432261e-37	7.63467314959284e-08	0.0217060741369339	6.39748189985212e-44	7.79271525937765e-06	0.119629374303413	0.110442642056138	2.70166250275234e-13	2.54692650106674e-45	5.88286331055934e-43	5.00093192661136e-83	0.12879628594632	5.92887657218619e-43	1.21459751139249e-18	0.187590253241991	5.48928283151504e-21	2.53993425942986e-06	0.0846515497827297	2.39389694331019e-08	2.8757613232374e-07	5.6176913147485e-05	0.170925453718534	3.29921931157131e-35	2.06272530286701e-31	5.148252600701e-34	0.0223389645581417	8.11443421448406e-36	1.75645746474134e-85	0.153846153846154
"RDC_4_H37_NA"	5.11018362126928e-05	0	0	0	1.22400034665018e-13	0	0.112502431243815	0.0533620999240155	1.03572661160896e-317	9.42978620406586e-14	4.27580648737268e-98	0.174019370303813	5.13371540297102e-79	0	6.70699859308997e-12	3.8732351860397e-71	1.77686424009818e-145	4.89213409025445e-42	3.20275523840523e-64	0.0394002166863581	2.08908278852935e-15	3.37626504098656e-36	1.15642901246735e-25	4.26264950417998e-128	1.0876028620953e-65	0.086804684665829	0.185567085444327	0.0384298402545544	0.117555477326457	0.192307692307692
"RDC_1_H1_NA"	9.47191237753069e-07	1.17731144347052e-05	0	0	0.0356696907649929	7.40381682193394e-08	6.88668536683881e-07	2.42815668236737e-07	0.0357133681081584	1.00030740449149e-15	0.115829368812141	4.90344233104285e-16	1.83589807640046e-28	5.77463482260169e-16	9.97637012345561e-09	4.55232795845284e-07	1.87934657589545e-26	0.636151370266351	1.73445328633616e-08	0.000210262525003075	0.0507203145433936	0.0839153924502085	2.56279619928331e-06	0.00103316524853177	1.45773638256675e-22	0.000344893753579605	0.00468111663382229	1.18598958073977e-12	3.9995545521315e-13	0.0357142857142857
"RDC_2_H4_NA"	2.79894956255001e-07	3.12164845847574e-05	0.115861540452997	4.11780718652883e-06	8.27158410764867e-10	2.25165827430668e-09	1.31023986409002e-07	0.00140243522701266	0.00313223796817545	0.119442234282061	3.06279935889641e-10	4.06516617838552e-07	0	1.65872395187759e-11	9.39456846636924e-05	0.00273497642024336	1.32185111765078e-10	0.109091044684893	3.72770114602056e-12	0.169701087273543	0.0130024031588718	0.294150919159651	0.0634815898950429	0.000552280144902284	1.98316842921656e-07	1.5465476977411e-09	1.80774598493069e-09	1.06967223785947e-15	0.000174091569019189	0.107142857142857
"RDC_5_H49_NA"	1.80663261328209e-06	3.18343307888047e-16	0	0	8.18916058019257e-22	0	6.34519568957561e-10	0.0757058747637374	0	2.02283877152069e-15	0.121796155464695	0.00065305620194387	1.87393853271324e-18	0.0720055431449147	0.0235713074529192	3.10560553988424e-06	7.48901331731745e-31	1.55048523731009e-06	0.041717920890402	0.0432120842902717	0.320114129959656	1.66297199990482e-06	0.102820472275851	2.66855125431142e-10	1.56395826240746e-10	0.0361096596722282	2.4000201061308e-07	0.0789520957948731	1.94344685398735e-16	0.0833333333333333
"RDC_2_H7_NA"	5.55370842001115e-09	0.00109318355506048	0	0	3.26116959498238e-07	0.0027951149496805	2.13363539553114e-06	3.48149458373665e-06	0	0.00118290657373289	6.14328771552009e-05	0	0	6.17938367864317e-09	0.00114103256011817	0.0680616072566149	0.0317362641908723	0.020947362349251	7.10015517012124e-05	0.343196258238841	0.00118289108250762	0.344223150875045	0.0178673068163992	0.0262772397729696	0	0.0650568045143002	0	2.45513688258323e-08	0.00398851844136732	0.0711119468629846
"RDC_3_H16_NA"	0.000176949262732172	0.00240647145423083	0.0715019798705826	4.42914567606013e-61	0.159495657870703	4.16288752505109e-159	5.08935599942818e-52	0.134270702542974	3.13960995616544e-294	2.06834821381096e-97	0.0601657352856073	4.31331158524452e-111	1.5154937484912e-60	3.01935716135761e-260	0.0913632007022924	5.16330703350793e-12	2.08476920937309e-105	1.87168475339351e-24	0.0470251196586884	2.65875654068008e-56	0.242538802247945	9.07922132825317e-72	1.578196178822e-61	7.45836981917164e-29	0.0147599948361626	2.99887245496364e-72	0.176295386260632	1.40817800978602e-33	2.28594285381786e-12	0
"RDC_6_H69_NA"	4.89946347819681e-07	1.4404251950637e-06	0	0	0	0	1.48064086087837e-11	0.709439252923644	0	3.39737544081723e-15	6.73118622793471e-08	0	0	5.30693544009418e-10	3.30939385350819e-08	0.00076088189925631	0	0.0152876184250307	0	5.60575567909443e-05	0.159441231661469	0.00051315728189637	7.51343774921919e-06	7.40774961788503e-05	0	4.6291285022023e-12	0.0236317721881717	4.50129718434717e-12	0.0167123317237612	0.0740740740740741
"RDC_6_H63_NA"	0.12415563565027	7.65306333983387e-15	0.0346037260789251	0.00151710889205858	1.09354938875008e-43	2.17116496608216e-18	4.19324411045679e-07	0.273711466156336	5.4045343697088e-07	0.0727991692961601	1.5991562155169e-24	7.36656905326601e-61	3.50758144562192e-09	9.74675336799989e-52	9.98479261564659e-25	6.2785506657734e-07	6.53247247388977e-90	6.06399404566107e-13	5.68627872996042e-26	9.0158917736622e-11	0.0548606600958498	3.97102130239536e-07	3.71294011393828e-14	1.31226604078017e-24	3.22139974246028e-35	3.14262302792709e-18	0.0445014788438769	1.09665688497994e-05	0.28669494294138	0.107142857142857
"RDC_5_H56_NA"	9.33261463699533e-07	9.69266459042327e-08	0.00288930822263147	0.000820686568550103	0.0122772516434559	0.000493913743191821	0.373600672087313	0.000364558794219754	2.17738262981731e-10	0.0518375003142139	1.34716763964472e-08	2.31008843666089e-15	0.0403630113223726	0.0464521150528207	0.000154025203351554	0.030696319494573	2.73026785583102e-14	0.0227197976741586	0.12967525507254	0.241338864880327	0.00103689027952054	3.76280670992376e-08	9.55375272318875e-06	6.45310845403135e-06	0.00317527506928342	0.000188889952235951	2.61041056925406e-07	0.00343677674502488	1.08230579997096e-11	0.0384615384615385
"RDC_6_H64_NA"	0.121677448158199	0.0466883793888766	0	0	1.51774534539531e-36	0	6.50808332543985e-52	4.6788727819569e-08	0	5.89961766925579e-96	2.56633251326971e-63	9.38166589775586e-182	2.29613906033761e-96	6.81431879145421e-120	4.78467035038329e-177	0.000138423587235365	1.12168899179211e-264	3.26431425401395e-42	5.05931276625681e-193	3.81357000505062e-62	0.566930059160006	1.77467096759802e-25	1.71304581513781e-110	5.04719577765988e-41	5.2892413362227e-264	2.6003646005623e-101	1.89020735000231e-107	9.08090186701345e-163	0.116417494768808	0.148148148148148
"RDC_1_H2_NA"	6.52014373362278e-07	1.201757079472e-10	0	0	8.25402781456021e-16	0	0.0332653005644151	0.397411460815672	0	1.98141129228773e-09	2.18749186001049e-09	0	5.07521460014078e-32	2.37967721676111e-14	9.91960209194317e-13	8.73042731027438e-06	6.82573580236044e-12	0.0202066240728685	0.000479685089608829	1.82664901573961e-07	0.0051543095208824	0.325285692546146	5.79878215876244e-09	4.91397193619964e-11	0	0.0383821336693284	0	7.79418188126262e-15	0.109591406667154	0.0702138118024893
"RDC_5_H53_NA"	0.0206407354824283	0	1.4503397482066e-298	0	0.0504885074115765	0	0.184535059830049	0.0652568798552497	0	6.11720784535767e-223	0	7.67014083725924e-150	1.14761142039139e-146	0	1.11148871733259e-97	0	1.85170285945113e-40	1.93646189885514e-61	0.100632528694884	0	0	1.90217662749123e-117	0.0513124423617772	1.35467422057393e-125	3.44337510319953e-134	0.050767401026116	8.25854037443222e-50	0.114806453475501	0.250448880751307	0.111111111111111
"RDC_5_H50_NA"	4.17214058621622e-07	0.0396918480450722	9.19354275883447e-07	0	2.45221399748414e-06	1.82416022242181e-11	0.0592961761146682	0.258736604016677	8.70879342118944e-14	0.0925843033660965	1.40095174914073e-05	1.09826225495033e-08	0.000540371122147595	1.12939759805393e-10	4.62653189462595e-07	7.40287007583903e-09	1.62459213632763e-10	0.000172558244651073	9.49269078809915e-08	0.00175842757527934	3.65780197444749e-06	0.0105082202075353	0.00134732267124707	0.000283269773709685	3.77625229015362e-09	0.104970740371747	0.0988917705960372	0.0424500387514155	0.0666067683602421	0.222139544646107
"RDC_3_H18_NA"	0.0645761796446304	1.66345199834098e-17	0	0	5.11422473020061e-46	6.0659339181525e-37	7.13603125013523e-35	0.0705475913262334	0	1.24159517086757e-27	6.71549905433628e-27	0	2.01480406739004e-50	0	3.41656502687036e-43	1.039779237173e-24	0	3.94506334402876e-12	0	1.00809171186357e-18	0.657782520437075	2.39364889852176e-10	0.00867669038776337	1.84993524282255e-22	3.11363978613063e-14	0.00353101673451441	7.51126659318272e-08	0.0538333469093346	0.141052579204442	0
"RDC_6_H70_NA"	0.13866112156363	4.83001623435489e-26	0	0	4.384133796067e-158	2.22749567949316e-101	0.0130812138644454	5.07095859253929e-135	0	1.71283979520085e-118	0.0633932773580434	2.02396393692346e-118	4.72052149838542e-119	0	0.000161558179214647	1.20924837996873e-104	0	0	0.175324339173398	3.85926551043401e-163	0	1.3573241093218e-237	2.79627147115237e-161	5.47403987310524e-101	5.13212017124304e-119	1.11201432818968e-118	1.45290063315517e-118	1.07411552260994e-237	1.09237369687088e-100	0.609378489861268
"RDC_5_H61_NA"	8.44202862408158e-06	0.038628283965771	1.2957629148914e-40	0	0.0995521018175725	0	1.02994415506589e-23	0.0723229389700937	0	1.40637775751383e-12	5.00118193530833e-51	3.0832457507531e-11	4.20099632101094e-27	2.68214110852732e-80	4.59916327979434e-31	0.0634756882706507	0.0473207985797123	6.90116138065929e-20	0.134605635607927	0.0881039954513055	4.30151594728514e-07	0.0687849683127132	0.0641686082949714	1.78038847608034e-34	3.10794879491832e-35	2.32571549687551e-18	2.79944477565039e-50	8.25122578078012e-43	0.144456679945397	0.178571428571429
"RDC_3_H12_NA"	3.20262066801788e-06	2.29519942791538e-23	5.11005706295543e-65	0	0.0624028616202365	0	6.69838631343243e-17	0.298312913026747	0	1.09718079681937e-19	2.54189114763671e-26	3.46694299443616e-16	0.061776650373092	0.00047338104221017	0.0719188254249509	5.67437039945164e-09	2.52574664283386e-06	8.41908920399854e-07	6.88091670334344e-37	0.000273047961658185	0.0101582980406473	0.132223721089201	2.05782264764476e-05	4.96955914206162e-14	6.85859478940613e-33	0.0410829273660069	8.50493798922673e-06	0.18445717943689	0.136884535503242	0
"RDC_5_H51_NA"	0.0444331247222007	7.11895954687313e-35	0.167399647925691	0	0.180519173344799	0	0.0874621936961554	0.00567547463984858	0	0.0393546939745949	1.75086777496512e-156	0.0746405152467339	0.0191712606193222	5.08154243259419e-180	1.88074973144494e-77	2.15866059510337e-30	6.57669688572855e-243	0.216738435206545	1.45276850955316e-74	4.61371967769038e-61	7.12094444080547e-31	0.12225079740758	4.08501493048963e-20	8.79312986136574e-47	1.44750573072444e-225	3.58076391102823e-17	1.25507005779038e-64	2.90964232343743e-26	0.0423546832165294	0
"RDC_4_H35_NA"	0.188438651458168	2.420959495375e-152	1.96821224959125e-309	0	8.46115642838993e-07	0	0.141210389016039	2.98086038622765e-153	0	4.636520486279e-112	1.99637847240309e-99	0.115721750988869	0.0773034149536093	1.00778785162721e-77	3.37262398956363e-121	1.23011867032089e-48	4.66804192299598e-130	2.65772796553342e-66	0.154085898627706	2.69856859929426e-124	0.293468781435786	3.26817333891805e-15	1.85303069802628e-15	7.00248933679159e-110	9.79234705653013e-51	0.0002449670394657	0.0295252727253201	1.14229791195481e-124	2.76393883321916e-08	0
"RDC_6_H72_NA"	0.106058080296258	1.87322855662262e-30	1.58258583465273e-211	0	1.0000114591569e-12	0	3.4787462594228e-62	0.000419100233587067	0	0.0658874079545305	1.54626947032763e-44	5.10210619295104e-67	2.64674079771053e-138	4.38758545163326e-92	2.54924936134309e-68	0.201013565133261	3.7765918145319e-114	0.305585141001751	0.0722882021917262	2.93056924226173e-10	0.0558469787308854	4.08300678590172e-13	2.00710272753227e-30	9.48785451263601e-115	1.51588866765386e-32	0.067901524163536	3.05477071153468e-25	1.26289842184006e-76	8.82099234834487e-123	0.125
"RDC_4_H25_NA"	1.92904211619069e-06	0.0565582297749397	0	0	2.92868863315386e-08	8.07049446316116e-26	0.0909326402905709	1.16414654448086e-07	0	1.50355340754088e-15	8.84105167730042e-37	0.000128254196545005	3.2164683415589e-16	4.44032983657596e-31	0.00994346712971444	2.97978421425699e-16	0.0515412013741073	6.83205914724741e-05	1.01773945655531e-07	0.194686434051197	0.211877557641399	0.243641759866555	0.104614913812602	7.76062082768398e-18	1.56761238945025e-18	0.000257562610502455	2.28924563868778e-25	5.41033814591272e-13	3.31964279636431e-05	0.0357142857142857
"RDC_3_H17_NA"	0.155494313102768	7.52644274310022e-58	1.27047065106892e-11	1.01923348386764e-66	0.101798474590304	3.82185671687939e-27	0.0579174531525244	0	0	0.0416666666666667	0	6.16054430635319e-36	0.0865685132178925	5.37257721343586e-49	8.93125345902283e-48	2.00625785671565e-19	3.02405728743037e-26	3.27150848301825e-34	0.372427576445289	8.52103465454122e-94	2.33339636513912e-60	1.1874496101051e-11	0.0433050697725628	0	1.13505970168365e-22	1.4013043587107e-07	7.79064419814331e-05	0.0574105530357235	8.59388604503397e-11	0.0833333333333333
"RDC_5_H59_NA"	9.25181041920359e-06	7.86129015304041e-30	1.37406658830456e-27	0	2.55912074410383e-21	5.94777955476561e-36	0.144347850935432	0.195753277899266	1.08251121171155e-26	8.43919676364616e-60	0.0110207747508098	2.41602925412904e-25	1.51606832224441e-79	0	1.60717557558109e-34	7.92100469855081e-15	1.78960902534029e-70	0.111077665918799	0.144552080310039	1.00267723491842e-26	2.28488007423952e-07	0.0613056931674573	5.56419783342874e-15	1.43372164835223e-36	0.0414481861714334	1.1601467244652e-55	1.85665971338209e-41	0.142336842400175	7.3275428123912e-33	0.148148148148148
"RDC_3_H20_NA"	0.000377211654536597	0.0748207210730122	0	0	0.174328695502129	0	0.263400891327312	1.63324566266682e-13	0	4.43169868526723e-251	2.03660232662593e-317	0.0747933443555415	0.0576886237901825	0	0	3.7613394368446e-33	8.76800216232763e-161	0.0850061780868014	0.13402172762352	4.74063854276953e-143	2.79554735727308e-52	3.16761512613594e-169	2.03472356585615e-88	4.51378374040563e-320	1.50184601709406e-291	8.19322529289838e-168	2.47555705974007e-247	1.60795308507747e-269	0.135562606586801	0
"RDC_5_H47_NA"	0.0829535621452944	7.09136315521186e-16	0	0	1.12824251925183e-28	1.28574009737488e-13	5.00944379626968e-10	0.109539336667421	0	0.0384324684313832	1.33402657904494e-19	0.0750305302196681	1.16971658651928e-21	1.25428577515518e-28	1.22131046666532e-10	1.4672830767085e-05	9.81533692934613e-11	0.30985410234641	0.067779811040397	8.05311003884901e-11	0.00524831740412907	1.84904537941062e-11	0.239522837147644	2.83232533820167e-06	0	2.99651893868812e-36	4.44189876634407e-17	0.0716215286211682	2.81881905816367e-31	0
"RDC_5_H45_NA"	0.0515523813290295	7.18642990989057e-116	8.25055043959673e-319	0	1.61749330923496e-119	0	1.08275332262178e-28	0.171515207654929	0	2.33347204530821e-320	0.129082475700741	2.04320532052055e-241	0.0486754536687177	2.4655194948082e-139	1.50028810526087e-161	3.29893632954494e-51	3.12296878718371e-274	2.95749686748712e-08	6.33679604990147e-306	2.08869204794567e-36	0.000517062236320315	1.20544532516944e-33	0.310160671789514	2.7425201939626e-133	0	8.16169174974615e-160	0.0753361845006463	0.106017676402277	2.02338228669327e-30	0.107142857142857
"RDC_4_H27_NA"	3.56515619497054e-05	3.52515233897738e-72	6.42100004002883e-09	0.00775239030594935	1.23522547450598e-85	8.18290079046733e-16	1.92198378227605e-19	0.0625289044375603	4.52975636877545e-83	0	1.9502510512397e-35	2.25287397358642e-57	2.13030626201652e-58	5.14749709841436e-113	4.71022749500182e-89	0.182426531949185	3.77767958833134e-195	0.0964032385124869	0.267161722021648	2.40699855152398e-19	3.87072181925876e-42	1.96976037158861e-18	0.13096429588946	8.2199465508717e-140	0	0.0591295092540694	3.87376520558942e-16	4.59313912162287e-14	2.57178739057318e-78	0.193597749646645
"RDC_2_H9_NA"	6.87238865631559e-07	0.00140291352872657	0.0384615384615385	1.85234150320958e-07	2.82872008699782e-27	0	1.59106990125688e-18	0.061898266806167	0	0.0499954690191578	5.79984313480357e-12	0	0.000202866167426601	5.84318258617572e-07	2.41782279674531e-11	0.00343343736855506	0.00820253525913353	4.84273958965249e-06	2.81104874553064e-17	0.0942669032536896	2.87447357923034e-07	8.99977036247354e-08	0.213677561577347	0.0728353942110599	0.0140869289806837	4.30034164545785e-05	1.22380208443832e-21	0.120048425460048	0.0522073102533383	0.269230769230769
"RDC_3_H19_NA"	0.118257868235386	1.39190645580992e-260	0	0	0	0	3.25167129531176e-102	1.11889012926517e-55	0	0	0.0835537742924995	0	4.74561956562748e-213	4.54161506910562e-227	5.51768389719006e-109	3.66947227265441e-77	0	9.7494896620319e-74	0.453342200685893	0.00126631186208628	0.00332882110439283	5.01772604946822e-79	1.09894102959488e-61	4.88488286730603e-115	1.09161906869601e-266	0.0785089948755769	0	2.99114540505364e-19	0.00507656324189537	0.25666546570227
"RDC_5_H60_NA"	7.68650449793412e-06	0.0469090092034174	1.18755552029727e-08	0	0.000264882737185013	0	2.58016510223554e-46	0	0	1.92989651244609e-54	4.48666746551214e-05	1.72687193905416e-72	1.04730918545045e-31	4.9696940343675e-66	0.0275971267802987	6.34686042699232e-35	3.17389528641209e-27	0.0830642687796934	2.18878884000043e-49	1.92948779804053e-28	0	1.32147829779389e-10	0.0432098764908465	0	1.03856078686643e-41	1.92231842114342e-15	9.92901976654262e-40	0	0.135455718520591	0.663446552301109
"RDC_4_H34_NA"	2.33175746729975e-06	8.63041592936755e-13	2.50458367568296e-21	0	6.78043335523467e-13	0	0.000139909721067651	0.254803364841846	0	7.76499172828194e-12	1.40588295668592e-36	2.17048539286366e-29	4.37791142032477e-16	1.69500065301193e-17	8.42241046885287e-23	0.215516883108337	0.0462785685911548	0.00102968511407574	0.000179684351396676	1.04682751005163e-09	0.00232436675965161	0.479662871813585	1.16962261831012e-06	2.14980389469242e-10	3.48840505571455e-37	6.11630444805815e-05	3.20490154558634e-12	1.46021205471697e-17	5.45034799498535e-28	0
"RDC_4_H36_NA"	4.73896327926322e-09	0.000429692037975663	0	0	0.0456159546278337	0	1.1854106481032e-05	0.079766275244372	4.57770334467219e-07	0.00532984737966258	1.53602056145059e-06	4.65007536977534e-05	5.74525903196485e-06	3.43885942923449e-09	4.29042596141116e-05	0.00396241035348464	0	0.146683820928411	0.114820332218865	0.0834100661973379	0.335847991312993	0.00457531983191633	0.0127026207333955	0.000892924145958452	1.57257760044917e-06	0.0529412752630446	0.00020767500051871	0	0.00159210468797542	0.111111111111111
