"SRX3830154_human_calculus"	"SRX4318863_human_caries"	"SRX024173_human_gut"	"SRX024148_human_gut"	"ERR584333_labcontam"	"SRX024023_human_gut"	"SRX3830174_human_calculus"	"SRX024200_human_plaque"	"SRX023994_human_gut"	"ERR584348_labcontam"	"SRX4318860_human_caries"	"ERR584320_labcontam"	"SRS727524_human_skin"	"SRS728264_human_skin"	"SRX740589_human_skin"	"SRX3830184_human_calculus"	"SRX740562_human_skin"	"SRX025192_human_plaque"	"SRX3830126_human_calculus"	"SRX740632_human_skin"	"SRX025193_human_plaque"	"SRX101411_human_plaque"	"SRX3830225_human_calculus"	"SRX4318858_human_caries"	"ERR584341_labcontam"	"SRR5823608_soil"	"SRR5823606_soil"	"SRR5823609_soil"	"SRR5823611_soil"	"Unknown"
"RDC_4_H31_NA"	0.0720865660969216	2.00445587763844e-21	1.77127032699852e-50	2.72376501975165e-102	0.098014405447832	0	1.65818060289454e-21	1.21205122856802e-05	0	3.04987417303816e-24	8.13315559389216e-12	0.0088143565016046	3.96624246142503e-30	0	5.06037519236855e-09	1.4587657722784e-18	3.06129443935708e-10	1.36769507741195e-08	2.02082186754684e-36	0.297023297936587	0.0066950918640431	0.132670171962565	0.140493033024555	4.62159592658064e-33	7.92132149556057e-22	0.122355125007875	0.083374270080467	2.02001989736464e-16	4.05213640856886e-09	0.0384615384615385
"RDC_2_H8_NA"	0.077422505016026	8.86232146285023e-13	8.73149327923e-80	0	0.0769230769230769	1.04066990277623e-176	0.0118823657981454	1.3310996964345e-55	0	2.7196133326655e-07	4.0799512360976e-37	1.08865891554746e-104	3.46517901561413e-13	0	2.87077025158699e-07	0.311909716178789	1.84058202241072e-76	3.60505875608026e-16	0.260520719484264	0.0840927815268364	2.40095148692041e-38	3.34437558398317e-70	1.92371283911225e-25	0.100325197040149	5.73618280860697e-71	2.07004448865441e-09	6.50148788560567e-64	5.63606135872522e-74	1.66063583872097e-63	0.0769230769230769
"RDC_6_H68_NA"	0.0879801437525245	2.12197468859389e-47	3.12731006474411e-05	0	0.0685393714575399	0	7.1085486172313e-34	6.30517181791417e-14	0	3.15848350800965e-91	9.74411325946592e-61	2.83695822095913e-32	8.31635603306783e-79	4.69828159464754e-81	1.79450275096802e-53	0.132696278357153	1.44795823603306e-34	9.98944651635503e-26	2.38109552243898e-59	0.160975613347849	0.303923548513276	9.39550127021918e-20	1.94329831791409e-25	9.11884465192645e-58	5.79734272879712e-27	2.58813181824172e-53	0.0410350318652515	0.122123857940168	0.00269488166552751	0.08
"RDC_2_H6_NA"	9.37847846072982e-07	0.00274714380351583	0	0	0.0102607476155344	8.2072933128844e-19	0.000186450210372341	0.333415849461205	2.0029605690943e-15	0.0727963347488324	0.0550536919253893	0.000119517511366026	3.90946373355924e-09	9.71444483925912e-06	5.6209973375945e-11	0.00746532791743056	3.10444527625867e-29	5.80287515063773e-09	5.94450624640044e-05	9.77217176968192e-12	0.00231869659895731	0.000856613185619384	0.00209190732287645	0.0624333627370026	0.00895859866767739	0.071034929955988	0.158279911587129	5.32855504749147e-06	0.000161450272535384	0.21174403079005
"RDC_2_H11_NA"	1.78542996203578e-06	4.17491339533497e-07	1.0811051889511e-24	0	2.03519179083981e-20	0	0.000310421121565479	0.382806605812848	0	3.47967831013835e-14	3.29467606759238e-17	1.06109346312699e-20	0	5.69168459065503e-18	2.21020836239955e-12	9.60632023856703e-06	8.72420529949334e-09	0.157282661397014	0.000133205433809067	3.32889417521593e-11	0.219982304224664	0.000139818845265091	0.00034052787199464	5.8317320418876e-05	4.45163717080281e-07	0.127278906424862	3.89625048427177e-09	0.000543849829951346	3.54524928639737e-09	0.111111111111111
"RDC_5_H57_NA"	0.252333805179378	0.0572328482768962	1.23234824777639e-42	0	1.5102226398298e-06	0	0.203418358549425	7.93636854444121e-37	0.024243410282321	1.16197404130993e-28	3.13690925733783e-17	7.17756316447475e-29	6.23916378196047e-30	3.16988990443322e-34	2.30410487981575e-27	5.68261605649951e-15	5.74027144213042e-10	1.02368576087958e-30	0.0660017808749359	0	2.20994957996471e-47	1.45570066384714e-30	2.01364222070879e-14	4.15132807206155e-45	4.82643948226366e-15	3.18954115840141e-28	0.113200878113195	0.120733161992231	0.0914056745063496	0.0714285714285714
"RDC_2_H3_NA"	4.56782866691217e-06	3.44312069173411e-32	0.0416663553266461	0	0.0416666666666667	1.23216000073408e-21	0.206524580626556	2.28114477006857e-23	0	4.97443344027245e-24	6.69314086406787e-42	5.48526607092398e-48	4.2595453353968e-14	1.2758345342124e-37	5.06609914295719e-75	0.000356060118501031	1.92980115813122e-05	1.08629528567664e-56	0.0614665798072988	0.0416666666666667	0.0539803025464714	1.7953930604899e-12	8.67121909851238e-07	5.49977816263078e-07	0	0.191734427704917	0.120341022512464	0.0148700199483491	0.142368701800318	0.0833333333333333
"RDC_5_H48_NA"	3.30261415186109e-07	0.011768215767056	3.76837352152185e-11	2.46845621885909e-13	1.1051523238657e-05	0	0.00131577720438266	0.173140734084361	1.92361574565248e-13	0.0715143750143329	0.0417556394675849	1.39748850231572e-08	5.63564381433752e-12	4.72720320062027e-10	6.64235852586647e-09	0.210873156095266	9.83307388428233e-09	0.0143360023814647	0.000114477282002523	0.0099619996064745	0.127846544700423	0.173147063976702	0.0995836540297957	0.00372892193734162	3.96058431780617e-09	6.85098891787367e-06	5.90656004993249e-08	0.0544797455359214	0.00641536615033746	0
"RDC_6_H71_NA"	0.212429625761686	0.0769869065977472	6.79034323918889e-31	3.63470885128467e-38	0	0.0412816932578567	2.27263673189508e-26	1.23543942407056e-11	0	0.00127069404451761	0.0769869065977472	0.0390973943833114	1.25757747317552e-21	1.2203373477495e-25	8.70022973077948e-08	0.29611317392717	9.81643505275482e-30	0.000427744306216352	0.111383382991375	1.26590410487157e-05	5.13216902893456e-10	7.79315509660797e-08	1.74714988513708e-05	3.45242128835086e-09	2.21278689856997e-22	3.57631390234583e-16	5.98597697054808e-28	0.0725636072289005	2.31586623197635e-11	0.0714285714285714
"RDC_5_H43_NA"	1.91869805370872e-06	2.65777870538325e-10	3.14190689351692e-31	0	0.0376584868882552	3.64029163853974e-30	0.110793152630986	0.0384607053417219	0	0.250364256751003	4.05088732807879e-36	8.74181748243794e-07	3.72331985865644e-16	0.0580775811669213	0.000167431495806475	1.07996420342607e-11	1.32161425496319e-05	7.48398866275934e-07	0.117332986064241	2.44910750146879e-26	5.498266416923e-18	3.69343291082444e-07	6.99247740868024e-13	2.41847571406915e-08	1.3881275522316e-15	1.93456861352522e-11	0.193786791334013	5.04394488097731e-43	0.00103386273290865	0.192307594348253
"RDC_3_H15_NA"	0.121803954210681	2.2882512139361e-221	0	0	0.0481595211343286	0	0.334497612352751	2.39022356642327e-112	0	6.79902163620055e-190	7.56784135912709e-117	1.58061361665058e-208	2.02371320412688e-289	0	1.75054493874066e-185	0.0175117228581033	1.21955500595402e-118	1.73374125030629e-31	0.260433676685303	5.98600765814788e-83	6.40886595823297e-128	0.000145791495603432	0.0918571635681435	1.91580358189412e-178	0.0184308542368698	3.08225398913073e-147	5.31352473025651e-102	2.47751604156037e-187	1.68463153598984e-05	0.107142857142857
"RDC_4_H30_NA"	7.23283343276238e-07	0.0744283816847674	0	0	0.0200109794223253	0	0.000246709320765217	0.0736836263818216	0	4.82583487260125e-05	1.61309725401505e-09	0.0513078836251351	4.49827503556912e-15	3.80194243917881e-18	0.000227303415851834	0.28562227305506	4.24893338515486e-11	0.113952813577878	9.16433487293353e-05	4.77259913565696e-05	0.0486132610678744	0.20118828374159	0.128748442688786	0.00122092258894815	2.13323362498011e-18	3.05751981727088e-05	0.000530190116245575	4.31210308217093e-19	1.48703210314075e-09	0
"RDC_4_H40_NA"	0.0923377337527149	1.67392584838938e-35	2.3192258980844e-06	0	0.0384615384615385	1.28642193775424e-70	0.115867147076437	1.13549975515928e-07	0.0449035802688048	2.65290925468962e-126	1.42984877334312e-27	0.0462872779621282	0	1.93409886037546e-64	6.88373336272179e-09	0.000840777709135634	4.58336449511925e-19	0.600514848721496	0.0115588604861308	9.64319124646026e-20	1.06402922235514e-13	2.15082154704739e-05	1.04363446969533e-23	1.68208811488332e-30	0	0.0492042859362567	5.62794519861543e-55	2.76245789796505e-30	1.75017355845126e-09	0
"RDC_3_H23_NA"	1.49000024676971e-06	1.8888390734625e-18	1.07343044816164e-38	0	1.71230519337917e-14	0	7.23219623373189e-39	0.436463805348695	0	2.75537553018842e-06	2.97021552122166e-26	9.60712625624624e-13	1.51194363829563e-12	4.76863028624242e-49	3.5463266318889e-06	2.58158303491569e-12	5.15538271506206e-39	0.400120040528342	0	0.0376965072844823	0.0519797871312415	2.53605520364093e-10	1.91329018548711e-09	3.6258244687216e-08	1.04488572359604e-23	0	0.0377085777080793	0.000309166152253251	0	0.0357142857142857
"RDC_3_H22_NA"	0.000191897203331495	2.77707162890955e-283	0.0515961533443231	0	0	0	7.36066192220347e-81	4.46131400136204e-35	3.80674814673904e-113	0	6.96072160496713e-226	0	0	1.27163726919415e-305	0	1.77702216533581e-168	0	0.00844829969803763	0.0503572990141245	1.24750859685025e-126	1.96703833398977e-36	2.7779700672206e-47	6.16559592984242e-264	0.0634772933220996	0	0.0569751927774929	0.224853902390824	0.0785947579687888	0.288350517919712	0.177154686361265
"RDC_5_H55_NA"	0.067348465794602	3.43750255454642e-15	0	0	6.06818115225373e-22	2.10999283478407e-102	2.99708540092088e-14	1.60597163041829e-26	5.5410415062592e-143	0	2.9828350584729e-81	7.07442576417895e-61	8.6817735419719e-67	0	4.06496998078324e-67	2.17923466852975e-19	1.25545181523372e-71	0.168817175777993	0.331203062109642	2.4804682875755e-16	9.61879702021505e-19	6.95952260400911e-26	1.59444972450976e-05	2.18067727857966e-07	7.95395695068181e-91	1.53299252634048e-61	7.80973067119277e-42	4.19387733656011e-68	3.61779007131518e-34	0.432615133752757
"RDC_6_H62_NA"	1.25696966467703e-06	3.5533539368179e-11	2.60325592591498e-16	0	0.0551894964304236	1.01962979792469e-23	0.166935651113478	0.0288173458629578	0	0.0380812110875878	4.20718436706021e-15	4.92204644113885e-23	1.54791842300103e-16	2.66347625986997e-35	1.71914409640793e-07	0.131582014063136	4.44030425548582e-05	0.00554578819342128	0.35080327294068	0.000385664555532845	0.00110103903760765	0.179996413955085	9.52851980124259e-08	0.00447831509379958	8.2041219069433e-07	1.55415654902516e-13	1.27335788306668e-11	2.93918446435346e-09	1.76232489859104e-11	0.037037037037037
"RDC_5_H52_NA"	0.0969656194510935	3.43251539104716e-54	3.69384509731513e-19	9.36670338376671e-13	7.85015305501922e-19	6.7000487263616e-71	0.0778187131996607	0.151811088088575	2.79424433084907e-72	0.101281872087023	1.83554503071721e-58	0.190050109487397	0.0493850186259261	1.65003110780842e-42	0.0149848699313497	3.0761459019532e-24	2.36086348721953e-16	5.18698142162135e-26	0.0910924065752097	1.61381068780816e-29	2.36306527884155e-11	3.23416693193713e-17	1.86745000456288e-33	3.84482537353886e-53	6.92702686099689e-16	1.1596082289641e-06	0.0278394478948969	0.16232934154544	0.000726067766345088	0.0357142857142857
"RDC_4_H29_NA"	1.36295196658218e-06	1.41355510775772e-14	0	0	0.00130249141464576	0	0.0202630582577403	0.00458961999825787	0	8.04678914488043e-08	3.77957065950494e-06	0.00408692848324991	3.6286225183032e-08	2.0151259741604e-11	0.0588402403554384	1.11684800706438e-11	1.19253679052036e-17	6.77933720332204e-06	0.0608673016582844	3.8985533428758e-05	1.79725881321329e-06	0.114487774983418	0.122209844843621	6.53646228947328e-17	1.73121775779865e-13	0.0585098973554859	0.41098278619751	1.72978687028151e-05	3.23173030631396e-12	0.143789937142718
"RDC_4_H33_NA"	0.238129170139319	6.15909577506605e-50	1.04721213985843e-125	0	0.117190858146854	0	0.106288479361369	0.0905927811225221	0	4.0901150539341e-78	0.083906926648867	1.96937067655669e-14	5.88865204870052e-101	4.41407881000702e-120	7.27868665198153e-50	3.25319277286722e-41	2.09644668931305e-18	1.09620455541806e-18	0.0384906626939939	1.0339807125099e-49	0.0375196180819098	1.68306623021272e-07	1.1918003201488e-46	4.39616204553791e-64	4.75793228686093e-73	0.139732834365673	3.52933533800293e-07	5.11673936259335e-11	4.34614307686119e-34	0.148148148148148
"RDC_4_H32_NA"	0.136420269244811	4.12797339577859e-06	0	0	0.0596286417031063	7.07030008984787e-15	5.1958955804471e-29	0.139388893843003	0.0530093611392986	6.01225236096195e-16	3.7702614751216e-26	1.66906533903473e-59	3.02032299467267e-39	5.39364257340332e-48	1.27234136826053e-26	0.0293379612349241	3.87010009687938e-28	0.000556784610780845	0.20788395044095	9.45062115469631e-12	0.00443189196035605	0.0457616620002479	0.175424813847041	3.49384447878225e-06	2.39831324380672e-83	1.85655106088293e-29	7.21484271837633e-47	1.88793156949363e-27	1.19709394603275e-16	0.148148148148148
"RDC_2_H5_NA"	0.254034557013537	2.16921761828077e-23	0	0	2.4671828088004e-29	0	1.67748831932984e-06	1.37691621405494e-05	0	0.0397053164331286	1.34159487963716e-23	1.93247923190246e-42	1.67179473190054e-35	8.60860363009239e-63	4.04412607539302e-42	2.6065860320775e-10	6.3986947893419e-40	0.00017869201265447	2.35283371551492e-51	4.61166254531418e-08	0.530410937294573	0.101580929319049	8.25239318736787e-10	3.57984194634331e-25	2.0836568984599e-68	6.27128413016032e-26	9.24661848404016e-40	8.99427870906402e-24	8.57185980827821e-30	0.0740740740740741
"RDC_4_H41_NA"	0.277305863636162	9.51094727630486e-44	2.40090884607656e-09	0	6.38424789040659e-99	0	3.35090035934174e-28	1.43691310053088e-12	0	6.64714776126126e-30	0.0511851170741742	1.80094039248068e-156	1.17824061309435e-162	2.60184293817079e-178	2.2632276170903e-54	1.96932093916693e-09	3.28421037121211e-45	0.0354077734001474	6.01688579724737e-37	1.04804539343007e-48	1.26706614132259e-23	0.0191083024317429	0.194132810969891	4.52611497120877e-75	3.17704487276518e-104	0.232953977238537	0.082763293042319	2.1567967845826e-29	6.92503444634961e-10	0.107142857142857
"RDC_5_H58_NA"	8.52020714924926e-07	1.74782691092189e-09	0	0	1.23378094792336e-08	0	0.290000592670201	0.127205507876649	0	1.37796856530173e-23	6.97680175600719e-08	0.00102342640499581	0.000109638481190125	0	2.64762537680717e-15	0.00397514610543083	5.9796518110097e-10	0.00706471050966618	9.11687238261611e-06	2.46585094867405e-09	0.112029626280515	0.029946727296459	0.104676102738527	7.58884996340776e-16	4.64144292700825e-16	0.169741512098908	0.000168336828100367	9.88903563570844e-05	0.000103572696274567	0.153846153846154
"RDC_4_H38_NA"	0.102060726990212	5.90078534472048e-32	4.26483720812507e-18	0	0.03802948347631	7.61027062219762e-24	2.43403302647901e-06	0.150285184354007	7.31632300286854e-26	3.29358665915807e-46	5.4209298337993e-21	8.66277108216353e-06	5.21958582028286e-08	7.45574968441039e-35	2.26827443557743e-20	6.3147189728816e-20	7.11043350516094e-19	1.36637220569129e-08	0.0390818210677704	1.25806948837811e-33	0.00208442863964656	0.406659982197674	4.76489880149581e-18	1.42313438509691e-28	6.96807595860088e-59	3.22710629267239e-15	1.28351348129283e-05	0.154631495124496	2.32085220750216e-08	0.107142857142857
"RDC_6_H67_NA"	0.220377676594153	1.04926325118252e-52	0	0	0.134977079175884	0	0.0471655111456938	2.55089506923905e-25	5.46360962149767e-31	1.19571612187636e-30	9.45807627732617e-22	8.03388934627292e-18	0.0662723407147532	8.29438208548103e-21	1.25522206188599e-06	1.4923151639723e-17	5.96881219073651e-22	0	0.0628500452369859	1.2634884079526e-22	3.24343135489472e-20	5.00045539732463e-17	1.3686130687919e-05	4.42702489854937e-41	1.1574694067793e-22	0.121100749448067	0.0714227940991329	3.99643156072919e-07	0.090633277404239	0.185185185185185
"RDC_4_H28_NA"	1.18229393824427e-05	2.59596813405044e-71	1.94765526466442e-160	0	0	0	0.0132745873351463	0.0374523493607106	0	0.0511604427936108	1.43196427078789e-31	7.51920786946539e-11	1.53062842493104e-120	1.12468972456522e-54	0.0198934655610453	1.02175131178369e-24	5.70038783451856e-161	0.282368963148343	3.0397811871587e-63	0.190641600294859	7.88177613724514e-08	1.9815829805128e-18	0.082654363607328	7.06426108449486e-49	2.16902922455899e-10	0.155367319239427	1.81389328387521e-07	0.0685236213993134	0.0616141667846115	0.037037037037037
"RDC_5_H44_NA"	0.0682609570780591	2.80736292193362e-14	0.0946516001602339	0	0.00501628679635666	1.63992791817681e-33	0.217348710509174	0.16060271029046	2.57511806369121e-49	1.01526758369135e-08	0.0551970613531321	1.90839585722019e-27	1.01638852819893e-53	1.36409653612201e-49	4.83218154333952e-19	0.000413103790421509	3.3146771499032e-13	0.0087857902053058	0.151622329194001	0.13998653097904	0.000993445965949333	0.000426404534460024	0.0181384205160027	2.25495102531118e-10	6.77852263131231e-65	0.00163356132579729	1.00395713566177e-48	3.0477335537781e-38	1.02030481307891e-33	0.0769230769230769
"RDC_4_H26_NA"	3.83632103192837e-07	0.0616551494706137	0	0	0.0436977022499455	0	0.154602809019103	0.210883821859187	0	3.87624240777574e-14	0.000362067511512353	0.062364199664788	2.07656963955409e-19	2.20507459483383e-09	0.00131009235928831	0.190267270084552	7.11181844128994e-09	0.0324117034555123	0.0184446076750114	0.00259233842020361	0.0399505523018439	0.000773192322530867	0.0024720193307373	1.23100930072389e-05	2.55124949821977e-10	2.6446052647871e-06	4.60049896738926e-07	3.33834127998089e-07	1.38381642213303e-06	0.178194948672293
"RDC_5_H54_NA"	0.0347226225224048	5.13899972781051e-53	0	2.8885449565643e-198	0	5.18253994312749e-215	0.0751962000686713	0.00747046892705578	8.88670719723948e-285	2.42980789637485e-06	2.73007952936339e-28	7.18323952685363e-272	1.45325908221605e-175	1.09572362996651e-275	0.0199925290810535	0.0581832577163188	1.09252721225566e-148	1.72999638450605e-29	1.18771936367582e-143	3.23025498233831e-45	7.43070627843595e-44	0.249624490692838	0.161084776133999	2.8083187472079e-116	1.68608294748021e-165	0.113723225049762	1.37683372461756e-62	1.43937423672711e-284	3.22219173630432e-69	0.28
"RDC_3_H13_NA"	1.42253387637024e-06	1.04961005901436e-07	1.00030401309416e-05	0.000339657843101568	1.44275417184279e-10	8.14287003321041e-12	0.36270120928262	0.039519124503666	3.20253347602065e-13	9.1757528739672e-09	2.84677663418003e-14	7.29918320772279e-07	1.48664154422665e-22	3.70509218744713e-46	8.21412304989765e-13	0.175191671062494	0	0.000181589744652758	0.141629798041983	6.11212852036253e-08	0.0296721661152111	0.0280260217046609	0.0199320714356221	8.76612723365953e-06	1.26118497973517e-49	0.0895353871019762	3.13541224324419e-14	0.0021362020661675	2.89295550849237e-06	0.111111111111111
"RDC_4_H37_NA"	4.18793007204207e-07	0.000136803997398717	0	0	0.00105240343908058	0	3.91991864379153e-07	0.00587532421692936	0	1.24967389789996e-10	4.1447484744564e-07	0.000367925470796578	1.5016210438163e-06	0.000178583323911358	1.67066017295039e-09	0.0003798605241936	3.78650633922785e-12	0.0680609398421508	0.00199832638076241	0.00208937927293181	0.431845798356131	0.0273147481800412	0.0840304816721803	2.86137475338162e-08	3.39615630656408e-11	0.0194168586479242	4.67943039485031e-08	0.183463431057691	0.00711966482902027	0.166666666666667
"RDC_1_H1_NA"	5.06204003439767e-07	6.638418029449e-07	7.08359964210721e-14	9.41135395920399e-14	0	0	5.45553984204559e-05	0.000652381641958855	0	5.31211992907011e-12	0.0591108380938717	0.00012665818982939	5.55178371049605e-10	7.28822402296534e-14	3.72104944733707e-06	0.0626746407335375	0	0.523272771658638	0.0387288541586348	0.000722580770885815	0.183489938826504	0.0523278947492266	0.0788322389016494	1.12858326923192e-06	0	5.51682140321541e-10	4.17069668661174e-07	2.09016118325981e-07	1.22769672687229e-13	0
"RDC_2_H4_NA"	0.133428594012049	0.000855508616549757	0	0	0.0715048743662063	3.9273014990501e-45	5.12640238322394e-13	0.150236586103146	0	3.77069785158878e-21	0.202769407788241	3.41523954864882e-15	1.01919917236317e-31	5.57493053364136e-32	9.50850875757234e-25	0.050000709815495	9.21405460449643e-37	2.1918196965645e-11	4.3175557404919e-18	5.03743862076658e-05	1.60656039671101e-13	1.88491850925767e-06	0.231152059971	1.60495339627345e-27	8.95971807349528e-26	5.58416690274693e-23	1.80942428337768e-17	1.97922791534956e-15	2.42019238816637e-26	0.16
"RDC_5_H49_NA"	1.82859495471102e-06	0.0974351184406823	0	1.46502668446852e-42	0.0909402045030826	0	2.14836825658528e-23	0.0257766133281452	0	4.35761989522388e-26	1.2214726976328e-13	5.27214660935354e-07	4.83209278941607e-20	5.61366235861389e-24	5.0562027494288e-06	3.39507242379957e-08	2.47042702199328e-07	0.408263425133654	0.0985236149464327	3.40736568059558e-08	0.000339387618604205	0.00029607189355322	0.00161405373716593	0.0860766098817883	9.81891227219793e-39	0.0967347177014313	1.91950353831633e-05	0.000245506026912925	0.0566907176365571	0.037037037037037
"RDC_2_H7_NA"	0.112266242386465	1.38926973247869e-32	0	0	4.64371574186087e-140	9.59994180064712e-256	5.96520976127573e-278	0.439520524110787	0	8.56736165845439e-278	0.0496856864453248	5.11798112180338e-30	2.59642125368039e-67	1.03557952286447e-126	7.27906589426491e-59	6.3066047412906e-13	1.26658984727381e-129	5.02616095633387e-15	1.49692230294063e-142	0.000251159901078987	0.398276387153853	4.42273411944709e-25	5.87862466372631e-38	5.14212031808278e-35	9.67693280977712e-278	4.70839859445178e-46	1.85487134100516e-12	1.21950832160763e-20	1.56357884270253e-130	0
"RDC_3_H16_NA"	2.52813227042602e-05	5.29781638317838e-13	0.12434380505106	0	0	2.6749398138936e-278	1.16025988765947e-16	2.26681505201443e-43	2.0278503677162e-230	1.07804734141584e-69	7.07641869104359e-250	3.97345449119506e-58	0.120745464027436	2.51025174621046e-278	2.37320690870893e-45	0.162622552288324	4.92582816513752e-77	0.110367642158231	0.0516039972928386	0.205743551085351	0.000218584828146479	2.25196770877491e-29	7.32708412791958e-08	0.0237383500748194	0.0415294870954195	0.0937751962084964	5.97979012440911e-151	3.83154948450246e-84	0.028248978258764	0.037037037037037
"RDC_6_H69_NA"	9.26347491409154e-08	7.03095322568583e-06	0	0	0	0	1.6685112030096e-05	0.724314614036389	0	0	1.99755018436964e-06	0	0.0422108390227909	0.000197168510888168	0.031556035237691	7.62883466619876e-05	2.20243532204253e-08	0.00606293996653729	2.29885673199656e-06	0.0229823807864907	0.0931014337687677	0.00305511468335222	0.00281823010438509	5.42211383896158e-07	0	0.000180228326109799	0.0552244724478525	0.0181915854164767	2.94834901024535e-12	0
"RDC_6_H63_NA"	0.199478684357644	5.87833468584601e-76	0	0	0.0616699348000048	0	2.19532811064479e-26	5.73120047650694e-12	3.12970300916613e-283	1.708880337431e-104	2.9600304933047e-106	1.38611258428994e-60	0	2.99226510048297e-298	2.55484737346549e-97	1.03683750014148e-59	1.1952867792929e-180	0.137213232741512	1.40841362769151e-226	2.55049733520528e-42	0.132777868195028	0.000209348865105299	0.186305234879661	3.35648756231009e-85	0	1.06572959499474e-10	9.10777355892158e-21	0.100759033822366	2.38076498789935e-97	0.181586662226374
"RDC_5_H56_NA"	6.83992445373721e-07	0.0859513361510202	1.28583243962296e-05	0	0.00683352635066276	0	0.0758310614399889	0.069001372037724	0	0.0251773771849552	7.8763796103218e-13	3.37128341167339e-08	0.00138490878160326	2.90108646502637e-08	0.000105765064479414	3.98653627743966e-05	0.0389064803232871	0.018344456184297	0.0699469903609081	0.00056989934661868	2.13377820903093e-05	0.00150341185090136	0.00358070969982329	0.0538698641677815	0	4.49180431414748e-05	0.0648535262471497	0.0934899688724968	0.0770505475703128	0.313479072136656
"RDC_6_H64_NA"	1.28230161659134e-05	1.20339740829099e-98	1.02394122394752e-65	3.56892662879645e-208	0.053600901162821	0	2.33511005393819e-85	0.231257105776556	8.60473816274934e-209	1.48547720920605e-66	1.84117141718276e-53	0	2.65121151127824e-26	1.28501559449091e-144	6.0658586558485e-96	0.270735240635317	4.87310791979076e-122	4.48507565173154e-13	1.61917612755436e-114	1.71891418526414e-25	0.126343109089572	1.03254398227172e-18	0.0721034561651455	1.68039247608249e-49	0	0.0993951823795693	5.17652909682448e-129	3.88898384670938e-129	0.0696291048513273	0.0769230769230769
"RDC_1_H2_NA"	1.60219795367123e-09	8.36319227124143e-05	0	0	3.31058285120477e-07	0	0.000677561294320793	0.720784178637087	0	0.00379577831554656	3.46702678066146e-06	0	6.8878914822789e-10	1.73318537328343e-05	0.083487726148554	0.000524174433200228	5.5280622998859e-05	0.0526480691102994	4.74584578628325e-06	0.0097624612988481	0.0350867741427793	0.00223659052370487	0.0142880779433338	0.000288067910219777	0	1.05592563526317e-05	0.00152799850265379	0.000165633214097695	0.000477484573644672	0.0740740740740741
"RDC_5_H53_NA"	0.299734340160169	2.33024375255515e-174	0	0	0.096570288218027	0	0.106340581729662	9.57209811504084e-161	0	7.8676477137724e-168	3.28150487485702e-149	7.0854987559767e-101	3.11259662468602e-104	5.39074701762756e-172	1.08266903997818e-264	9.25108115253242e-118	0	7.47862520848269e-21	0.23050941043639	4.07092042881627e-84	6.34175335184428e-74	1.88740138907578e-20	1.94327458845548e-74	3.01110900794457e-88	0	7.54965147201134e-29	0.0656733690034611	9.72845757119474e-88	0.0159868252671056	0.185185185185185
"RDC_5_H50_NA"	2.18227385627285e-08	5.00066468087697e-09	1.03572873938847e-06	9.44529409817254e-07	0.123551345882974	4.98284655678374e-07	0.000138510434997087	0.0151693179651953	0.000116127389337121	0.0464087784525458	2.28882694604939e-06	0.000875535268334096	1.46385846415593e-05	1.36928020967259e-14	0.00925095536981187	0.00262368359306167	0.000334319284325718	0.00442791946300339	1.97623713462483e-12	0.00013357367977762	0.0454601120317703	0.160228861407907	0.0136742248274585	3.95376835638665e-09	0.00712110595928603	5.79387681583373e-10	0.0558289180421674	6.52091119592654e-10	0.00235829501121123	0.512278977971803
"RDC_3_H18_NA"	5.44387622398427e-07	1.51263466721278e-14	0	0	0.0166236081154332	0	0.0210026326158659	0.644859743809883	0	4.67955125523721e-06	3.29085026622084e-16	2.14854304292113e-08	9.9916119346365e-07	1.90290267293196e-11	2.71410503908049e-07	0.0484243676357654	6.27573430851348e-16	0.012000951867822	0	0.0462285110862263	0.166024036227735	0.000245904095787733	0.0011444731418319	5.43321727670558e-11	0	0.00762841258695682	0.000134067915445689	5.81481537269816e-12	0.0356767748260496	0
"RDC_3_H21_NA"	0.197329414634426	0	6.25276114914639e-48	0	0.0487159865978469	0	0.0649144145207843	3.91021686835709e-42	0	1.52061087757191e-133	4.5616411141657e-63	0.000142761225102064	2.03363631045612e-74	2.31796824364789e-55	1.98760676982815e-133	9.59213482226838e-23	0.0448760546786384	1.21237809284811e-74	3.11065271094271e-08	0.04	5.74342020065873e-85	6.47834994290555e-49	1.36424063385453e-46	0	9.70146908352968e-21	0.151085425097178	1.83075408488326e-23	0.0496163491075534	0.123319563031944	0.28
"RDC_5_H61_NA"	4.44294526568886e-07	0.000944374260422268	0.00237703379003012	0.0234482721669997	0.00697686389738294	0.00523958807255582	0.000596473337353014	0.0223572649888832	0.000182658112284618	2.2516685861696e-06	7.56266729304658e-07	1.33865784555879e-05	6.27101820385474e-09	6.23473761821518e-07	0.03901754794346	6.86434313668275e-05	1.14162396474901e-13	0.133360031944383	0.144623773593227	0.00693768036194907	0.107173208071606	0.0709920148771306	0.194672977612476	0.00111051070495121	4.58809711442471e-09	0.000424872990408843	0.0318832701789997	0.127404823079899	0.00326756651986589	0.0769230769230769
"RDC_3_H12_NA"	0.118442734043084	0.0740150276980825	1.65793622095915e-54	0	1.5410842179462e-86	0	8.33247624831897e-21	3.47251950922438e-11	1.10769282668522e-129	1.43592618775057e-55	2.54496373689555e-77	7.73357523180133e-84	7.07479364766036e-45	0	2.14821494019255e-09	2.25507887984787e-19	4.85678318642367e-87	8.79655074379633e-05	4.30486629757787e-24	0.0483371804466029	0.159366678721324	3.20101059767816e-35	3.47414209238588e-52	0.124863720695807	1.01293364536688e-12	0.146350499406321	3.229045164713e-39	2.01577568162144e-14	0.114250477011652	0.214285714285714
"RDC_5_H51_NA"	2.47942663654663e-07	2.36481562175233e-06	0.000124318319174313	0	1.18241534267431e-12	0	1.18557203926088e-06	0.0250939329778821	0.0355986097987343	4.38085692109399e-05	0.00941681019472068	1.43123214356597e-10	1.1187651442251e-06	0	0.0404767795698236	0.315736953249115	0.0836356418663047	0.0530301716121669	0.00268505817313566	0.018795328377766	0.141616339446244	0.125171969763178	0.00343468720912667	1.24362437251036e-05	6.67818900577068e-06	0.000161037421335685	1.46116337126893e-05	0.000694415450505564	0.00138835183821497	0.142857142857143
"RDC_4_H35_NA"	0.309991382396055	0.0536167233014056	1.11629611723295e-43	0	1.44061203479411e-49	0	4.35942540958158e-85	0.196953105379079	0	1.37508395436591e-150	1.97367268138839e-41	1.59902106869404e-23	6.12664932154704e-97	2.98942768611924e-293	1.59472179950043e-92	1.29476535584006e-102	7.56031601986572e-79	1.088719379429e-28	1.07121999882549e-107	6.75490580719236e-89	0.00085559209740967	0.154895560094136	2.49234403406467e-28	4.84873798405506e-31	0.064395299229842	0.0942923375020729	2.07893077289576e-88	3.02540665494006e-57	2.78794431012292e-55	0.125
"RDC_6_H72_NA"	3.45794534969343e-07	0.00432928540602679	3.0024843613842e-13	0	0.0511871730827926	1.25738210979138e-08	0.00676399792735456	0.343708239527626	2.08453660113776e-17	4.15258249865915e-07	0.000486873102716724	4.39882805167267e-07	2.03553155629473e-06	1.4821211151773e-09	1.08781079477264e-09	0.161475715520489	1.38638431524445e-12	0.104586112633571	0.0262158885376232	7.13196724860796e-05	0.000675164644058524	0.137067729410946	0.0277219428535896	0.0021115472329173	9.61693700395366e-06	1.32794677407718e-05	0.0151864205297596	0.000822819167748798	0.0461350513043924	0.0714285714285714
"RDC_4_H25_NA"	6.1004624529953e-06	1.65827826586229e-20	1.13722980650944e-50	0	4.70018333650118e-10	0	4.94837630241510e-09	5.37459077495487e-11	0	4.09666579555509e-33	1.55150239457183e-14	3.90528954068126e-24	1.39295747092126e-73	2.53292934434093e-18	3.31942437101332e-13	0.00479613598570588	1.92409924191121e-18	0.42887337612751	0.205981497254192	4.072633012302e-12	0.175571700038205	3.45537583970313e-17	0.147734147074716	5.43620901889233e-10	1.41723718743486e-66	0	0	2.36617418022708e-29	1.2075556247254e-30	0.037037037037037
"RDC_3_H17_NA"	0.299133777166734	2.39552450730543e-25	0	0	0.10685088809171	1.91470934361117e-09	1.38872324909132e-05	0	2.97184789541063e-11	3.89793840113147e-14	0	1.58230105463194e-07	1.45717544753496e-07	0	0	7.72108025484138e-13	3.94281091946258e-19	5.23704805693303e-11	0.110976878582792	0	8.55473309615151e-07	0.154566080333036	1.30374891541046e-06	3.48029533084464e-11	3.91728203270097e-19	3.00873973058744e-05	2.95896675965596e-05	1.6564368152636e-10	0.0731014994689462	0.255294846691458
"RDC_5_H59_NA"	0.00570200850536835	1.22891536420212e-163	0	0	0	1.01067773989507e-217	1.81629665683175e-95	2.56497668471778e-21	8.1718784716235e-231	0	5.20130858815769e-277	8.28911368214184e-301	8.16164436834585e-72	9.51814908155413e-129	3.12379900710807e-67	5.83947334635017e-33	0.0631759440731555	1.91074868836698e-12	0.299697168916088	1.35009434425528e-85	0.280316579246039	0.0861568942537935	0.13742443743168	2.3857107908706e-126	0	2.75958314065644e-138	2.19255457230808e-175	2.00437406095581e-160	0.0890654291104269	0.0384615384615385
"RDC_3_H20_NA"	0.147725909269754	6.29801521005333e-52	0	0	0.0215025149520516	0	0.140405222511768	1.81921445622706e-27	0	4.71508352369621e-32	5.41374741851791e-56	0.0248179395963001	2.50890898478566e-34	5.4301710945733e-110	7.4581193250433e-73	1.84558701439536e-12	0.0782117200993621	1.4938086954262e-08	0.30415896175402	2.00803971827246e-56	4.45437584576865e-79	0.0732291209390909	0.0640504876660098	1.1957766775353e-72	1.69011517632641e-36	1.08523340578375e-37	0.000142640028482276	0.0716813941691548	5.77295366230798e-23	0.0740740740740741
"RDC_5_H47_NA"	0.0392447882618292	0.00977571515049321	0	0	8.66887312005199e-06	2.18574260862332e-77	4.07042480466948e-77	0.0328380257080489	8.16732739086693e-77	0	0.169771431700577	0	0	1.92820370433832e-79	2.29424925678154e-43	0.121196101315771	2.0859467213434e-34	0.337798273497644	3.19539753298337e-32	0.208508254299976	0.00678466710876594	3.79469682817827e-14	8.58359496492436e-25	9.66222582103327e-12	0	0.037037037037037	0	0	0	0.037037037037037
"RDC_5_H45_NA"	1.21723166823619e-05	6.083549922549e-14	0	1.63706159523203e-30	0.032116362687783	1.74288276948776e-60	5.35120120514315e-44	0.0121883152501455	9.27742693746406e-85	4.98344187829608e-12	1.48265931546432e-41	1.48672110035477e-27	1.44372581876021e-42	1.29504230375104e-117	1.84928960066409e-51	1.82925472740226e-15	2.01254147965094e-77	0.243556457257172	6.49609695785926e-60	0.0548679267076551	0.136536426326758	0.117090284183128	0.0406477771280342	1.91192049794593e-18	2.07732403578102e-124	4.25031883982992e-15	2.92555806694269e-34	0.0902476238892944	0.0227366542485198	0.249999999999778
"RDC_4_H27_NA"	2.41914368924688e-06	9.1659833757458e-22	0.0414314647039389	0.0229417604642036	0.0182793851664934	4.00039372655482e-08	0.161793343524351	0.0367566379434008	3.30347225840786e-15	3.99097765130777e-06	9.80746496287157e-11	0.0363432364824783	1.07701840891852e-17	2.10758348655783e-25	0.0731744392788915	0.121759209715217	7.64905236910343e-05	0.000636795672906252	0.131832541965469	3.1142762762862e-08	0.103673667680885	6.41554510899033e-11	0.176912557818159	2.55055767618242e-09	6.86570564803745e-21	2.22114829277701e-16	0.00295341365051162	4.39071596724993e-22	1.96789671641496e-20	0.0714285714285714
"RDC_2_H9_NA"	4.98188617762763e-07	2.13649985861431e-11	0	9.47617613848901e-14	0.074060494901257	0	0.000905124011038237	0.154210196862607	0	1.2484172293552e-05	4.32370606666549e-12	0	0.0513758869792827	1.62964763513575e-06	0.053888892554649	7.16563422264029e-06	9.82760698456958e-06	0.000280342734885439	0.037037037037037	0.138645178998603	0.0305406147997043	0.00171152941598343	0.0352311534080052	2.7378659471033e-10	1.04218796447806e-15	0.209183429887697	0.138819683556019	4.84275197297408e-09	4.75038708081354e-06	0.0740740740740741
"RDC_3_H19_NA"	3.1154699062697e-07	8.02368670616844e-09	0	0	6.36934176180452e-06	0	0.176668121535194	0.0406155538366774	0	0	0.00658225638726473	2.0697277151755e-12	2.56912588025777e-08	7.25707268343666e-12	3.12956571817414e-12	1.01720802049773e-05	2.23752326724308e-06	0.00528637953636249	0.546601825653876	0.05417306875931	2.51346190767342e-06	6.75919559539489e-06	1.13472464754368e-07	3.54248473165514e-11	7.30089485072128e-15	0.000145456944481758	2.65587583447364e-09	0.0627559671630735	0	0.107142857142857
"RDC_4_H34_NA"	7.34597708713751e-07	0.000149682276046531	5.53846853127602e-11	0	0.00679919018152425	2.07632941488421e-09	0.0451949010137639	0.0228772901168541	0	0.0804676799218459	1.40262674671095e-09	6.21968245781702e-05	1.18471274090544e-08	0.0633211606455224	0.00334643770189178	0.287436585189331	0.00208475276449648	0.0219857561649017	0.0377054783510246	0.00243697545263526	0.000725933822449048	0.0212028156595294	0.0638770247607163	6.85094677433343e-07	0.0247896024794085	0.00581079298014494	0.000614307682326341	0.000206891770847697	0.234829035092233	0.0740740740740741
"RDC_4_H36_NA"	1.81128836508177e-06	3.08030880512723e-16	0	0	0	0	0.15816035441527	0.104576420867474	0	9.36301129325161e-05	2.74743713046712e-05	0	5.46259560126103e-19	0	2.29147873092405e-14	7.64427190666121e-13	0.00496973965412867	0.152174407868339	2.62310151069214e-08	3.43741005781419e-07	0.00776290663700807	0.238159232225299	1.51644108147932e-07	5.97338578070402e-09	0	2.08806237888743e-18	0.164588737389936	9.96454093144173e-22	0.0541001421950257	0.115384615384615
